18
64
1
51
148
10
110
51
13
22
1
1
12
24
201
7
10
13
25
1
13
12
1
22
14
25
12
26
12
39
10
75
1
25
26
4
10
12
26
1
43
1
27
26
11
13
1
74
1
1
25
1
1
37
25
25
47
25
25
11
13
11
25
12
39
1
15
11
13
24
1
13
13
1
13
1
1
13
24
26
26
13
23
1
120
12
1
26
101
99
11
25
12
1
1
12
1
1
26
10
4
24
25
26
24
11
1
47
13
50
24
2
26
112
2
62
25
26
39
25
12
13
25
12
25
12
1
26
1
12
22
1
25
1
2
1
25
12
25
12
2
22
3
12
13
12
1
26
13
12
12
1
12
33
12
24
13
1
1
13
25
6
1
2
1
51
1
50
1
1
1
23
13
25
13
8
13
25
94
1
3
1
26
10
2
12
1
1
25
40
1
26
1
14
26
24
12
15
1
1
26
1
1
1
26
26
1
12
12
1
11
12
1
25
26
11
13
1
12
24
24
1
4
79
12
1
26
12
26
26
1
77
1
1
1
25
24
12
24
4
26
26
10
2
13
1
24
12
1
1
291
13
8
1
1
1
1
1
1
26
13
13
13
25
1
203
1
1
25
2
51
26
25
24
13
1
1
24
1
12
1
7
1
12
1
24
26
12
1
12
52
3
1
1
